50 2
 0 75  1 26
 0 87  1 37
 0 13  1 25
 0 11  1 95
 0 41  1 49
 0 43  1 12
 0 93  1 59
 0 69  1 17
 0 80  1 46
 0 13  1 20
 0 24  1 52
 0 72  1 44
 0 38  1 92
 0 81  1 75
 0 83  1 95
 0 88  1 33
 0 26  1 10
 0  6  1 45
 0 89  1  2
 0 67  1 62
 0 70  1 62
 0 30  1 82
 0 89  1 29
 0 30  1 29
 0 68  1 94
 0 21  1 20
 0 78  1 42
 0 46  1 80
 0 99  1 94
 0 10  1 35
 0 17  1  8
 0 23  1 41
 0 83  1 65
 0 47  1  4
 0 86  1 71
 0 18  1 30
 0 67  1 14
 0 46  1 32
 0  4  1 50
 0 14  1 30
 0  4  1 27
 0 20  1 98
 0 88  1 39
 0 50  1 84
 0 84  1 65
 0 58  1 12
 0 93  1 58
 0 76  1 45
 0 50  1 49
 0 30  1 15