1 2 3 4 5   Czas: 2691
1 2 3 5 4   Czas: 2658
1 2 4 3 5   Czas: 2658
1 2 4 5 3   Czas: 2419
1 2 5 3 4   Czas: 2386
1 2 5 4 3   Czas: 2386
1 3 2 4 5   Czas: 2766
1 3 2 5 4   Czas: 2733
1 3 4 2 5   Czas: 2766
1 3 4 5 2   Czas: 2691
1 3 5 2 4   Czas: 2658
1 3 5 4 2   Czas: 2658
1 4 2 3 5   Czas: 2658
1 4 2 5 3   Czas: 2419
1 4 3 2 5   Czas: 2733
1 4 3 5 2   Czas: 2658
1 4 5 2 3   Czas: 2344
1 4 5 3 2   Czas: 2344
1 5 2 3 4   Czas: 2312
1 5 2 4 3   Czas: 2312
1 5 3 2 4   Czas: 2312
1 5 3 4 2   Czas: 2312
1 5 4 2 3   Czas: 2312
1 5 4 3 2   Czas: 2312
2 1 3 4 5   Czas: 2691
2 1 3 5 4   Czas: 2658
2 1 4 3 5   Czas: 2658
2 1 4 5 3   Czas: 2346
2 1 5 3 4   Czas: 2313
2 1 5 4 3   Czas: 2313
2 3 1 4 5   Czas: 2747
2 3 1 5 4   Czas: 2714
2 3 4 1 5   Czas: 2747
2 3 4 5 1   Czas: 2691
2 3 5 1 4   Czas: 2658
2 3 5 4 1   Czas: 2658
2 4 1 3 5   Czas: 2658
2 4 1 5 3   Czas: 2346
2 4 3 1 5   Czas: 2714
2 4 3 5 1   Czas: 2658
2 4 5 1 3   Czas: 2312
2 4 5 3 1   Czas: 2312
2 5 1 3 4   Czas: 2312
2 5 1 4 3   Czas: 2312
2 5 3 1 4   Czas: 2312
2 5 3 4 1   Czas: 2312
2 5 4 1 3   Czas: 2312
2 5 4 3 1   Czas: 2312
3 1 2 4 5   Czas: 2822
3 1 2 5 4   Czas: 2789
3 1 4 2 5   Czas: 2822
3 1 4 5 2   Czas: 2747
3 1 5 2 4   Czas: 2714
3 1 5 4 2   Czas: 2714
3 2 1 4 5   Czas: 2822
3 2 1 5 4   Czas: 2789
3 2 4 1 5   Czas: 2822
3 2 4 5 1   Czas: 2766
3 2 5 1 4   Czas: 2733
3 2 5 4 1   Czas: 2733
3 4 1 2 5   Czas: 2822
3 4 1 5 2   Czas: 2747
3 4 2 1 5   Czas: 2822
3 4 2 5 1   Czas: 2766
3 4 5 1 2   Czas: 2691
3 4 5 2 1   Czas: 2691
3 5 1 2 4   Czas: 2658
3 5 1 4 2   Czas: 2658
3 5 2 1 4   Czas: 2658
3 5 2 4 1   Czas: 2658
3 5 4 1 2   Czas: 2658
3 5 4 2 1   Czas: 2658
4 1 2 3 5   Czas: 2658
4 1 2 5 3   Czas: 2386
4 1 3 2 5   Czas: 2733
4 1 3 5 2   Czas: 2658
4 1 5 2 3   Czas: 2312
4 1 5 3 2   Czas: 2312
4 2 1 3 5   Czas: 2658
4 2 1 5 3   Czas: 2313
4 2 3 1 5   Czas: 2714
4 2 3 5 1   Czas: 2658
4 2 5 1 3   Czas: 2312
4 2 5 3 1   Czas: 2312
4 3 1 2 5   Czas: 2789
4 3 1 5 2   Czas: 2714
4 3 2 1 5   Czas: 2789
4 3 2 5 1   Czas: 2733
4 3 5 1 2   Czas: 2658
4 3 5 2 1   Czas: 2658
4 5 1 2 3   Czas: 2312
4 5 1 3 2   Czas: 2312
4 5 2 1 3   Czas: 2312
4 5 2 3 1   Czas: 2312
4 5 3 1 2   Czas: 2312
4 5 3 2 1   Czas: 2312
5 1 2 3 4   Czas: 2312
5 1 2 4 3   Czas: 2312
5 1 3 2 4   Czas: 2312
5 1 3 4 2   Czas: 2312
5 1 4 2 3   Czas: 2312
5 1 4 3 2   Czas: 2312
5 2 1 3 4   Czas: 2312
5 2 1 4 3   Czas: 2312
5 2 3 1 4   Czas: 2312
5 2 3 4 1   Czas: 2312
5 2 4 1 3   Czas: 2312
5 2 4 3 1   Czas: 2312
5 3 1 2 4   Czas: 2312
5 3 1 4 2   Czas: 2312
5 3 2 1 4   Czas: 2312
5 3 2 4 1   Czas: 2312
5 3 4 1 2   Czas: 2312
5 3 4 2 1   Czas: 2312
5 4 1 2 3   Czas: 2312
5 4 1 3 2   Czas: 2312
5 4 2 1 3   Czas: 2312
5 4 2 3 1   Czas: 2312
5 4 3 1 2   Czas: 2312
5 4 3 2 1   Czas: 2312
